7 923.5312 298.2921 223.1052 279.7409 26 1 1 -0 0 0 0 1 0 0 0 0 1 0.09 0.000112486 -0.261727 0.436381 -0.174655 -0.00013165 -1.0473 -0.000101055 1.57074 1.57079 -1.53764e-05 -9.37591e-05 0.800522 -1.88408 0.0461703 1.42432 1.38007 0.22271 0.00537245  3.269e-05 0.314154 
8 702.4082 614.7275 186.695 593.7206 26 1 1 -0 0 0 0 1 0 0 0 0 1 0.09 0.000112486 -0.261727 0.436381 -0.174655 -0.00013165 -1.0473 -0.000101055 1.57074 1.57079 -1.53764e-05 -9.37591e-05 1.07107 -1.77804 0.196371 0.430595 1.17498 0.279583 0.608522  3.269e-05 0.314161 
9 1129.2717 631.5973 578.8385 607.14 26 1 1 -0 0 0 0 1 0 0 0 0 1 0.09 0.000112486 -0.261727 0.436381 -0.174655 -0.00013165 -1.0473 -0.000101055 1.57074 1.57079 -1.53764e-05 -9.37591e-05 1.17903 -1.9832 0.292392 0.418784 1.16772 0.473456 0.60835  3.269e-05 0.314161 
10 981.0914 908.4647 468.3331 883.6987 26 1 1 -0 0 0 0 1 0 0 0 0 1 0.09 0.000112486 -0.261727 0.436381 -0.174655 -0.00013165 -1.0473 -0.000101055 1.57074 1.57079 -1.53764e-05 -9.37591e-05 1.18249 -1.93512 0.293362 0.0612748 1.16767 0.473869 0.757771  3.269e-05 0.314161 
11 1093.5465 646.6415 506.5605 622.5899 26 1 1 -0 0 0 0 1 0 0 0 0 1 0.09 0.000112486 -0.261727 0.436381 -0.174655 -0.00013165 -1.0473 -0.000101055 1.57074 1.57079 -1.53764e-05 -9.37591e-05 0.178599 -0.922571 -0.268384 1.58911 2.33603 0.181628 0.0764418  0.698162 0.314166 
12 1172.3197 626.9005 620.9555 602.4476 26 1 1 -0 0 0 0 1 0 0 0 0 1 0.09 0.000112486 -0.261727 0.436381 -0.174655 -0.00013165 -1.0473 -0.000101055 1.57074 1.57079 -1.53764e-05 -9.37591e-05 0.286517 -1.55347 0.247595 1.43821 1.48692 0.182692 0.0564899  0.698162 0.314166 
13 1411.5272 459.7634 699.9091 432.376 26 1 1 -0 0 0 0 1 0 0 0 0 1 0.09 0.000112486 -0.261727 0.436381 -0.174655 -0.00013165 -1.0473 -0.000101055 1.57074 1.57079 -1.53764e-05 -9.37591e-05 0.240293 -1.2895 0.0102968 1.85559 1.80049 0.0739157 -0.025302  0.698162 0.314166 
14 967.6996 880.6728 529.3191 855.6231 26 1 1 -0 0 0 0 1 0 0 0 0 1 0.09 0.000112486 -0.261727 0.436381 -0.174655 -0.00013165 -1.0473 -0.000101055 1.57074 1.57079 -1.53764e-05 -9.37591e-05 0.573039 -1.50732 0.424008 0.433606 1.3021 0.29522 0.534108  0.698162 0.314166 
6 1562.25 890 872.688 864.125 26 1 1 -0 0 0 0 1 0 0 0 0 1 0.09 -0.000304246 -0.261902 0.436486 -0.174585 0.534999 -1.37245 -0.0976366 0.648 1.69196 0.0242778 0.724409 1.19083 -1.81442 -0.480078 1.07144 2.02806 -0.16178 0.618268  6.26748e-05 -0.0347361 
7 752.25 506.125 190.125 485.75 26 1 1 -0 0 0 0 1 0 0 0 0 1 0.09 -0.000304246 -0.261902 0.436486 -0.174585 0.534999 -1.37245 -0.0976366 0.647999 1.69196 0.0242778 0.724409 1.33085 -1.45866 -0.499353 0.732243 2.44077 -0.12339 0.745307  6.26748e-05 -0.0347361 
8 865.625 1098.62 326.312 1070.25 26 1 1 -0 0 0 0 1 0 0 0 0 1 0.09 -0.000304246 -0.261902 0.436486 -0.174585 0.534999 -1.37245 -0.0976366 0.647999 1.69196 0.0242778 0.724409 1.12579 -1.63897 -0.619986 0.680878 2.44119 -0.115134 0.847107  6.26748e-05 -0.0347361 
9 1057.75 325.5 495.375 301.25 26 1 1 -0 0 0 0 1 0 0 0 0 1 0.09 -0.000304246 -0.261902 0.436486 -0.174585 0.534999 -1.37245 -0.0976366 0.647999 1.69196 0.0242778 0.724409 0.7188 -0.524579 -0.368764 1.30217 2.56816 0.147139 0.385143  0.698194 -0.0347361 
10 1454.25 469.625 874.25 438.562 26 1 1 -0 0 0 0 1 0 0 0 0 1 0.09 -0.000304246 -0.261902 0.436486 -0.174585 0.534999 -1.37245 -0.0976366 0.647999 1.69196 0.0242778 0.724409 0.788416 -1.03787 -0.0575549 1.37956 1.87834 0.0709381 0.0604697  0.698192 -0.0347361 
12 1322.75 998.625 812.25 971.062 26 1 1 -0 0 0 0 1 0 0 0 0 1 0.09 -0.000304246 -0.261902 0.436486 -0.174585 0.534999 -1.37245 -0.0976366 0.647999 1.69196 0.0242778 0.724409 0.373187 -1.77499 0.22211 1.00926 1.49607 0.113518 0.656939  0.698183 0.314325 
