16 1333.3019 348.2215 612.196 320.6239 26 1 1 -0 0 0 0 1 0 0 0 0 1 0.09 -3.45052e-05 -0.261821 0.436349 -0.174528 0.870684 -1.56417 -0.424917 1.41607 2.03475 -0.00335606 0.126531 -9.87856e-06 -1.04727 -7.66723e-05 1.57075 1.5708 -5.10509e-05 -6.29366e-05  1.35787e-05 0.314245 
18 1273.8282 497.9991 594.0008 471.3166 26 1 1 -0 0 0 0 1 0 0 0 0 1 0.09 -3.45052e-05 -0.261821 0.436349 -0.174528 1.34812 -1.20914 -1.3824 1.32552 2.96877 -0.150386 0.592169 -9.87856e-06 -1.04727 -7.66723e-05 1.57075 1.5708 -5.10509e-05 -6.29366e-05  1.63188e-05 0.314243 
19 1235.8996 749.5761 718.7061 724.5343 26 1 1 -0 0 0 0 1 0 0 0 0 1 0.09 -3.45052e-05 -0.26182 0.43635 -0.17453 1.25603 -1.64937 -1.43016 0.451853 2.85953 0.0629442 0.596812 -9.87856e-06 -1.04727 -7.66723e-05 1.57075 1.5708 -5.10509e-05 -6.29366e-05  1.63188e-05 0.314243 
20 1281.3601 951.4153 739.5498 927.0811 26 1 1 -0 0 0 0 1 0 0 0 0 1 0.09 -3.45052e-05 -0.261821 0.43635 -0.174529 0.817726 -1.6609 -0.713765 0.949661 2.11325 -0.242435 0.189058 -9.87856e-06 -1.04727 -7.66723e-05 1.57075 1.5708 -5.10509e-05 -6.29366e-05  1.35787e-05 0.314243 
21 1542.3298 1010.7446 1053.3092 985.1537 26 1 1 -0 0 0 0 1 0 0 0 0 1 0.09 -3.45052e-05 -0.26182 0.43635 -0.17453 0.843671 -1.64635 -0.695444 0.590831 2.11356 -0.239855 0.305168 -9.87856e-06 -1.04727 -7.66723e-05 1.57075 1.5708 -5.10509e-05 -6.29366e-05  1.35787e-05 0.314243 
22 1314.4028 141.9601 745.1195 113.3196 26 1 1 -0 0 0 0 1 0 0 0 0 1 0.09 -3.45052e-05 -0.261821 0.43635 -0.174529 1.39158 -1.54831 -0.850926 0.463327 2.11367 -0.23942 0.564941 -9.87856e-06 -1.04727 -7.66723e-05 1.57075 1.5708 -5.10509e-05 -6.29366e-05  1.35787e-05 0.314243 
24 1384.5988 306.1184 710.6841 277.225 26 1 1 -0 0 0 0 1 0 0 0 0 1 0.09 -3.45052e-05 -0.261821 0.43635 -0.174529 0.134848 -0.778552 -0.281846 1.78915 2.51201 -0.787808 0.663383 -9.87856e-06 -1.04727 -7.66723e-05 1.57075 1.5708 -5.10509e-05 -6.29366e-05  -0.698165 0.314241 
25 1319.18 764.1641 859.3723 738.2416 26 1 1 -0 0 0 0 1 0 0 0 0 1 0.09 -3.45052e-05 -0.261821 0.43635 -0.174529 0.381169 -1.19191 -0.460275 0.803069 2.55599 -0.433004 0.744647 -9.87856e-06 -1.04727 -7.66723e-05 1.57075 1.5708 -5.10509e-05 -6.29366e-05  -0.698162 0.314241 
27 1562.8746 763.314 1145.0891 735.7407 26 1 1 -0 0 0 0 1 0 0 0 0 1 0.09 -3.45052e-05 -0.261821 0.43635 -0.174529 0.636654 -1.22383 0.805942 -0.0544759 1.20232 -0.0478671 0.716469 -9.87856e-06 -1.04727 -7.66723e-05 1.57075 1.5708 -5.10509e-05 -6.29366e-05  -0.698162 0.314241 
28 1148.1607 999.4853 646.0466 974.7989 26 1 1 -0 0 0 0 1 0 0 0 0 1 0.09 -3.45052e-05 -0.261821 0.43635 -0.174529 0.217261 -1.55534 0.080144 1.01064 1.60712 0.0239727 0.717879 -9.87856e-06 -1.04727 -7.66723e-05 1.57075 1.5708 -5.10509e-05 -6.29366e-05  -0.698159 0.314241 
2 1262 497 570.5 469.75 26 1 1 -0 0 0 0 1 0 0 0 0 1 0.09 -0.000318296 -0.261844 0.436456 -0.174612 1.14757 -1.30102 -0.90229 1.22521 1.89083 0.0873858 0.532458 -2.04204e-05 -1.04729 -7.78591e-05 1.57074 1.57083 4.26209e-05 7.00226e-05  1.08559e-05 0.314169 
3 941.25 1004.5 421.438 977 26 1 1 -0 0 0 0 1 0 0 0 0 1 0.09 -0.000317022 -0.261844 0.436456 -0.174612 1.37007 -1.75783 -1.80403 0.594185 2.96859 -0.100206 0.463475 -2.04204e-05 -1.04729 -7.78591e-05 1.57074 1.57083 4.26209e-05 7.00226e-05  1.08559e-05 0.314166 
4 1477.5 595.875 972.312 566.375 26 1 1 -0 0 0 0 1 0 0 0 0 1 0.09 -0.000317022 -0.261844 0.436456 -0.174612 1.1656 -1.86826 0.296692 0.232505 1.94113 0.350325 0.710949 -2.04204e-05 -1.04729 -7.78591e-05 1.57074 1.57083 4.26209e-05 7.00226e-05  1.08559e-05 0.314166 
5 1463.88 1027.38 960.062 999.812 26 1 1 -0 0 0 0 1 0 0 0 0 1 0.09 -0.000317022 -0.261844 0.436456 -0.174612 0.906717 -1.96327 0.294997 0.296651 1.58792 0.399295 0.886999 -2.04204e-05 -1.04729 -7.78591e-05 1.57074 1.57083 4.26209e-05 7.00226e-05  1.08559e-05 0.314166 
